 atc2_code | total_scripts_m | peak_index | trough_index | peak_month | trough_month 
-----------+-----------------+------------+--------------+------------+--------------
 C03       |           13.30 |       1.30 |         0.85 |         12 |            1
 J05       |            8.55 |       1.29 |         0.86 |         12 |            9
 A06       |            5.97 |       1.26 |         0.84 |         12 |            1
 S01       |           37.22 |       1.23 |         0.84 |         12 |            1
 M03       |            1.76 |       1.22 |         0.83 |         12 |            1
 R03       |           53.22 |       1.18 |         0.81 |         12 |            1
 M04       |            9.51 |       1.23 |         0.88 |         12 |            1
 H02       |           17.44 |       1.14 |         0.80 |          8 |            1
 H03       |            9.40 |       1.23 |         0.89 |         12 |            1
 C01       |           14.81 |       1.21 |         0.87 |         12 |            1
 A12       |            1.90 |       1.20 |         0.87 |         12 |            1
 J01       |           89.82 |       1.15 |         0.84 |          8 |            2
 D05       |            1.35 |       1.15 |         0.85 |         12 |            1
 S02       |            3.97 |       1.16 |         0.87 |         12 |            6
 C07       |           38.42 |       1.17 |         0.88 |         12 |            1
(15 行记录)

